1 C语言 谭浩强 3 80 200 4 17 0 1 122253
2 C++面向对象程序设计 谭浩强 3 80 200 1 17 0 2 122253
3 离散数学（上） 赵志斌 3 80 200 0 1 0 1 1424
4 离散数学（下） 张翼飞 3 80 200 2 1 0 2 1424
5 概率论与数理统计 郭靖 3 80 200 1 1 0 2 3154
6 高等数学（一） 宋叔尼 4 120 200 1 179 0 1 3154
7 高等数学（二） 宋叔尼 4 120 200 2 179 0 2 2242
8 高等数学（三） 宋叔尼 4 120 200 2 179 0 3 112253
9 数据结构（上） 王禄江 4 80 200 1 1 0 3 1424
10 数据结构（下） 王禄江 4 80 200 1 1 0 4 112253
11 计算机组成原理 冯博强 3 70 200 0 1 0 3 3154
12 计算机导论 刘艳婷 3 60 200 1 1 0 3 2242
13 线性代数 闫家斌 3 80 200 0 179 0 1 2242
179 java程序语言设计 闫怀敏 3 40 200 1 1 0 4 2242
161 python程序语言设计 傅文佩 4 45 200 0 1 0 4 3154
14 电路与模拟电子技术 曲建民 3 70 200 0 1 2 1 1332
15 微机技术综合试验 曲建民 3 70 200 1 1 2 1 4355
16 操作系统课程设计 杨小平 3 70 200 0 1 2 2 1332
17 计算机网络 吴文虎 3 70 200 0 1 2 2 4355
18 嵌入式系统综合设计 王距江 3 70 200 0 1 2 3 1332
19 编程原理 张义森 3 70 200 0 1 2 3 4354
20 微型计算机技术 张森 3 70 200 0 1 2 2 4162
21 计算机网络综合实验 王辉 3 70 200 0 1 2 4 1332
22 毕业设计（计算机） 詹国华 3 70 200 0 1 2 4 4155
23 大学物理（一） 刘建国 4 130 200 0 18 0 1 112253
24 大学物理（二） 刘建国 4 130 200 0 18 0 2 112253
25 信息安全 吴海涛 3 40 200 0 1 0 2 1424
26 建筑概论 吴建国 4 80 200 0 2 0 1 1424
27 画法几何（一） 焦安阳 3 80 200 0 2 0 1 3154
28 画法几何（二） 焦安阳 3 80 200 0 2 0 2 3154
29 建筑构成 黄一凡 3 80 200 0 2 0 1 2242
30 建筑材料 曲振东 3 80 200 0 2 0 1 3545
31 工程测量 毕争 3 80 200 0 2 0 2 2242
32 阴影透视 高林 3 80 200 0 2 0 2 3545
33 建筑美术 王林山 3 80 200 0 2 0 3 112253
34 工程力学（一） 张敏 4 80 200 0 2 0 3 1424
35 工程力学（二） 张敏 4 80 200 0 2 0 3 3154
36 工程制图（一） 左力熊 3 80 200 0 2 0 3 2242
37 工程制图（二） 左力熊 3 80 200 0 2 0 4 112253
38 环境心理学 巴图 2 80 200 0 2 0 4 3545
39 建筑防灾 李香香 2 80 200 0 2 2 1 1332
40 古建筑保护 张武纪 2 80 200 0 2 2 1 4355
41 建筑景观设计 舞修罗 2 80 200 0 2 2 2 1332
42 计算机绘图与表现 舞忠 2 80 200 0 2 2 2 4154
43 地基基础 左千秋 2 80 200 0 2 2 2 4362
44 城市规划管理 高山 2 80 200 0 2 2 3 1332
45 弹性力学 周喜勇 2 80 200 0 2 2 3 4355
46 毕业设计（建筑） 李泽恩 2 80 200 2 2 2 4 1332
47 政治经济学 李家豪 3 90 200 0 4 0 1 122253
162 宏观经济学 4 90 200 0 4 0 1 1424 163
0 博弈论（一） 黄新海 3 90 200 0 4 0 2 122253
164 博弈论（二） 黄新海 3 90 200 0 4 0 3 122253
165 博弈论（三） 黄新海 3 90 200 0 4 0 4 122253
48 资本论（一） 刘涵嵩 4 90 200 0 4 0 1 3154
49 资本论（二） 刘涵嵩 4 90 200 0 4 0 2 3545
50 会计学（一） 陈彦杞 3 130 200 0 4 0 1 2242
51 会计学（二） 陈彦杞 3 130 200 0 4 0 2 1424
52 统计学（一） 郭步平 4 90 200 0 4 0 2 3154
53 统计学（二） 郭步平 4 90 200 0 4 0 3 1424
54 发展经济学 青璃 2 90 200 0 4 0 2 2242
55 企业管理 青山 3 90 200 0 4 0 3 3154
56 市场营销 洪妆 3 90 200 0 4 0 4 1424
166 货币银行学 夏轩 3 90 200 0 4 0 4 3154
180 世界经济 云历飞 3 90 200 0 4 0 4 2242
167 劳动经济学 吴倩 3 90 200 0 4 2 1 1332
168 当代中国经济 吴向东 3 90 200 0 4 2 1 4355
169 公司财务 柳鸿儒 3 90 200 0 4 2 2 1332
170 国际贸易 朱子机 3 90 200 0 4 2 3 4355
171 国际金融 李天雄 3 90 200 0 4 2 3 4162
172 商业领袖与企业家 钟无烟 3 90 200 0 4 2 4 1332
173 毕业设计（经济） 钱不与 3 90 200 0 4 2 4 4362
57 宪法 王鹏 3 90 200 0 8 0 1 122253
58 法制史 乌子贤 2 90 200 0 8 0 1 1424
59 三大实体法（一） 刘慧鑫 3 90 200 0 8 0 1 3154
60 三大实体法（二） 刘慧鑫 3 90 200 0 8 0 2 122253
61 三大实体法（三） 刘慧鑫 3 90 200 0 8 0 3 122253
62 三大程序法（一） 于泽 4 90 200 0 8 0 2 1424
63 三大程序法（二） 于泽 4 90 200 0 8 0 3 1424
64 三大程序法（三） 于泽 4 90 200 0 8 0 4 122253
65 三国法 李明键 2 90 200 1 8 0 2 3154
66 法哲学 王晨 3 90 200 0 8 0 4 3545
67 法律逻辑学 周逸涵 3 90 200 0 8 0 3 2242
68 法律社会学 赵建国 3 90 200 0 8 0 4 3154
69 外国法制史 吴海涛 3 90 200 0 8 2 1 1332
70 法医学 刘红军 3 90 200 0 8 2 2 4355
71 中国法律思想史 锻炼 2 90 200 0 8 2 2 4362
72 证据学 吴晗 3 90 200 0 8 2 3 1332
73 合同法 林思远 3 90 200 0 8 2 3 4355
74 婚姻家庭继承法 吴宝刚 3 90 200 0 8 2 4 4162
75 毕业设计（法律） 张纯 3 90 200 0 8 2 4 1332
76 成型技术 马芷晴 3 90 200 0 16 0 1 122253
77 形态设计 李青洹 4 90 200 0 16 0 1 1424
78 设计心理学 卢大伟 3 90 200 0 16 0 2 3154
79 视觉传达设计基础 凌明明 3 90 200 0 16 0 2 2242
80 工程力学 是朕 3 90 200 0 16 0 2 3545
81 产品语义 熊峰 3 90 200 0 16 0 3 122253
82 创造力开发训练 齐一凡 3 90 200 0 16 0 3 1424
83 平面设计 刘星佟 3 90 200 0 16 0 4 122253
84 专业摄影 隋世明 3 90 200 0 16 0 4 2242
85 工业工程 左尔岳 3 90 200 0 16 2 1 1332
86 工业机器人 刘晓峰 3 90 200 0 16 2 1 4355
87 机电企业管理导论 刚瑛雪 3 90 200 0 16 2 2 4162
88 技术经济学 时铭泽 3 90 200 0 16 2 2 1332
89 可编程控制器 张镐哲 3 90 200 0 16 2 3 4355
91 生产计划与控制 刘大宝 3 90 200 0 16 2 4 1332
92 毕业设计（机械） 韩维 3 90 200 0 16 2 4 4355
93 数学分析 王亚东（一） 3 90 200 0 32 0 1 2242
174 数学分析（二） 陆文辉 3 90 200 0 32 0 2 122253
175 数学分析（三） 陆文辉 3 90 200 0 32 0 3 3154
94 解析几何 冯博宇 3 90 200 0 32 0 1 1424
95 复变函数 陈奕铭 3 90 200 0 32 0 2 3545
96 常微分方程 王新浩 3 90 200 0 32 0 2 1424
97 实变函数 宋叔尼 3 90 200 0 32 0 3 1424
98 点集拓扑 贾乃亮 3 90 200 0 32 0 4 122253
99 微分几何 宋小宝 3 90 200 0 32 0 4 1424
100 泛函分析 刘林虎 3 90 200 0 32 2 1 1332
101 数学分析续论 刘雨桐 3 90 200 0 32 2 2 4355
102 数学软件 王怀瑾 3 90 200 0 32 2 2 4162
103 高等代数续论 周宇宁 3 90 200 0 32 2 2 1332
104 随机过程 白靖宇 3 90 200 0 32 2 3 4355
105 数理经济学 张荣 3 90 200 0 32 2 3 4162
106 微分流形 章元一 3 90 200 0 32 2 4 1332
107 毕业设计（数学） 李佳桐 3 90 200 0 32 2 4 4162
108 大学英语（一） 杨皓翔 3 90 200 0 64 0 1 122253
109 大学英语（二） 杨皓翔 3 90 200 0 64 0 2 122253
110 大学英语（三） 杨皓翔 3 90 200 0 64 0 3 122253
111 大学英语（四） 杨皓翔 3 90 200 0 64 0 4 122253
112 高级英语（一） 朱博宇 3 90 200 0 64 0 2 1424
113 高级英语（二） 朱博宇 3 90 200 0 64 0 3 1424
114 英语语法 李江 3 90 200 0 64 0 1 1424
115 英语口音 王继军 3 90 200 0 64 0 2 3154
116 口语（一） 王江 3 90 200 0 64 0 1 3154
117 口语（二） 王江 3 90 200 0 64 0 2 2242
118 口语（三） 王江 3 90 200 0 64 0 3 3154
119 口语（四） 王江 3 90 200 0 64 0 4 1424
120 视听（一） 于洋笛 3 90 200 0 64 0 1 2242
121 视听（二） 于洋笛 3 90 200 0 64 0 2 3545
122 视听（三） 于洋笛 3 90 200 0 64 0 3 3154
123 视听（四） 于洋笛 3 90 200 0 64 0 4 3154
124 写作（一） 沈希文 3 90 200 0 64 0 2 2565
125 写作（二） 沈希文 3 90 200 0 64 0 3 2242
126 写作（三） 沈希文 3 90 200 0 64 0 4 3545
127 口译基础 王婷婷 3 90 200 0 64 2 1 1332
128 词汇学 陈冬波 3 90 200 0 64 2 2 4355
129 语言学导论 林燕 3 90 200 0 64 2 3 4162
130 大学化学（一） 赵微 3 90 200 0 128 0 1 122253
131 大学化学（二） 赵微 3 90 200 0 128 0 2 122253
176 大学化学（三） 赵微 3 90 200 0 128 0 3 122253
132 金属学（一） 王天泽 4 90 200 0 128 0 1 1424
177 金属学（二） 王天泽 4 90 200 0 128 0 2 1424
178 金属学（三） 王天泽 4 90 200 0 128 0 3 2242
133 冶金传输原理 贝尔 4 90 200 0 128 0 1 3154
134 有色金属冶金学 韩吉 4 90 200 0 128 0 2 3154
135 无机化学 张德江 4 90 200 0 128 0 3 1424
136 冶金实验基础 王家娟 4 90 200 0 128 2 1 1332
137 重金属冶金学 修延山 4 90 200 0 128 2 2 4355
138 轻金属冶金学 袁宝刚 4 90 200 0 128 2 2 4162
139 贵金属冶金学 许纪霖 4 90 200 0 128 2 2 1332
140 清洁冶金学 彭阳 4 90 200 0 128 2 3 4355
141 真空冶金学 王鹏远 4 90 200 0 128 2 4 4162
142 大学体育（一） 李岩 4 32 200 0 255 0 1 43
143 大学体育（二） 李岩 4 32 200 0 255 0 2 43
144 大学体育（三） 李岩 4 32 200 0 255 0 3 43
145 大学体育（四） 李岩 4 32 200 0 255 0 4 43
146 摄影美学 李舜生 2 30 200 1 255 1 0 11
147 素描绘画 |裕贵 2 30 200 1 255 1 0 41
148 中国近代史 金忠哲 2 30 200 0 255 1 0 71
149 马克思主义基本原理 李建军 2 30 200 0 255 1 0 32
150 毛泽东思想概论 赵红军 2 30 200 0 255 1 0 52
151 大学生礼仪 李小二 2 30 200 0 255 1 0 62
152 圣经选读 王红梅 2 30 200 0 255 1 0 13
153 外国文学专题研究 Dale 2 30 200 1 255 1 0 23
154 论语选讲 李念 2 30 200 0 255 1 0 33
155 诗文朗诵指导 叶泽 2 30 200 0 255 1 0 43
156 影视艺术欣赏 余则成 2 30 200 0 255 1 0 63
157 法语基础 王怀晋 2 30 200 0 255 1 0 73
158 日语基础 福山润 2 30 200 0 255 1 0 34
159 西方文论 李娜 2 30 200 0 255 1 0 54
160 甘肃民族选介 胡丹丹 2 30 200 0 255 1 0 65
181 时间众筹学 长者 2 32 22 0 255 1 2 0
190 啊啊 来了 2 32 111 0 255 1 3 0
12 ask 123 2 32 12 0 120 2 1 0
