线代 闫家斌 1 3 40 99 18 01010 0

C语言 高岩 2 2 30 098 17 10010 0

高数1 宋叔尼 4 4 180 100 27 11100 0 

高数2 宋叔尼 5 4 180 100 27 11100 0 

高数3 宋叔尼 6 4 180 100 27 11100 0 

高数4 宋叔尼 7 4 180 100 27 11100 0 

高数5 宋叔尼 8 4 180 100 27 11100 0 

高数6 宋叔尼 9 4 180 100 27 11100 0 

高数7 宋叔尼 10 4 180 100 27 11100 0 

高数8 宋叔尼 11 4 180 100 27 11100 0 

高数9 宋叔尼 12 4 180 100 27 11100 0 

高数10 宋叔尼 13 4 180 100 27 11100 0 

高数11 宋叔尼 14 4 180 100 27 11100 0 

高数12 宋叔尼 15 4 180 100 27 11100 0 

高数13 宋叔尼 16 4 180 100 27 11100 0 

高数15 宋叔尼 17 4 180 100 27 11100 0 

高数14 宋叔尼 18 4 180 100 27 11100 0 

高数16 宋叔尼 19 4 180 100 27 11100 0 

高数17 宋叔尼 20 4 180 100 27 11100 0 

高数18 宋叔尼 21 4 180 100 27 11100 0 

高数19 宋叔尼 22 4 180 100 27 11100 0

高数20 宋叔尼 23 4 180 100 27 11100 0 

高数21 宋叔尼 24 4 180 100 27 11100 0 

高数22 宋叔尼 25 4 180 100 27 11100 0 

高数23 宋叔尼 26 4 180 100 27 11100 0 

高数24 宋叔尼 27 4 180 100 27 11100 0 

高数25 宋叔尼 28 4 180 100 27 11100 0 

高数26 宋叔尼 29 4 180 100 27 11100 0 

高数27 宋叔尼 30 4 180 100 27 11100 0 

高数28 宋叔尼 31 4 180 100 27 11100 0 

高数29 宋叔尼 32 4 180 100 27 11100 0 

高数30 宋叔尼 33 4 180 100 27 11100 0 

高数31 宋叔尼 34 4 180 100 27 11100 0 